102 94
0 10 1 r2_0_0_to_4
1 9 1 r2_0_1_to_3
2 12 1 r2_0_1_to_4
3 80 1 r2_0_1_to_3
4 11 1 r2_0_2_to_4
5 8 1 r2_0_2_to_3
6 81 1 r2_0_2_to_4
7 2 1 r2_0_3_to_1
8 78 1 r2_0_3_to_1
9 12 1 r2_0_3_to_4
10 5 1 r2_0_4_to_2
11 8 1 r2_0_4_to_3
12 79 1 r2_0_4_to_2
13 23 1 r2_0_0_to_4
14 22 1 r2_0_1_to_3
15 25 1 r2_0_1_to_4
16 84 1 r2_0_1_to_3
17 24 1 r2_0_2_to_4
18 21 1 r2_0_2_to_3
19 85 1 r2_0_2_to_4
20 15 1 r2_0_3_to_1
21 82 1 r2_0_3_to_1
22 25 1 r2_0_3_to_4
23 18 1 r2_0_4_to_2
24 21 1 r2_0_4_to_3
25 83 1 r2_0_4_to_2
26 36 1 r2_0_0_to_4
27 35 1 r2_0_1_to_3
28 38 1 r2_0_1_to_4
29 88 1 r2_0_1_to_3
30 37 1 r2_0_2_to_4
31 34 1 r2_0_2_to_3
32 89 1 r2_0_2_to_4
33 28 1 r2_0_3_to_1
34 86 1 r2_0_3_to_1
35 38 1 r2_0_3_to_4
36 31 1 r2_0_4_to_2
37 34 1 r2_0_4_to_3
38 87 1 r2_0_4_to_2
39 49 1 r2_0_0_to_4
40 48 1 r2_0_1_to_3
41 51 1 r2_0_1_to_4
42 92 1 r2_0_1_to_3
43 50 1 r2_0_2_to_4
44 47 1 r2_0_2_to_3
45 93 1 r2_0_2_to_4
46 41 1 r2_0_3_to_1
47 90 1 r2_0_3_to_1
48 51 1 r2_0_3_to_4
49 44 1 r2_0_4_to_2
50 47 1 r2_0_4_to_3
51 91 1 r2_0_4_to_2
52 62 1 r2_0_0_to_4
53 61 1 r2_0_1_to_3
54 64 1 r2_0_1_to_4
55 96 1 r2_0_1_to_3
56 63 1 r2_0_2_to_4
57 60 1 r2_0_2_to_3
58 97 1 r2_0_2_to_4
59 54 1 r2_0_3_to_1
60 94 1 r2_0_3_to_1
61 64 1 r2_0_3_to_4
62 57 1 r2_0_4_to_2
63 60 1 r2_0_4_to_3
64 95 1 r2_0_4_to_2
65 75 1 r2_0_0_to_4
66 74 1 r2_0_1_to_3
67 77 1 r2_0_1_to_4
68 100 1 r2_0_1_to_3
69 76 1 r2_0_2_to_4
70 73 1 r2_0_2_to_3
71 101 1 r2_0_2_to_4
72 67 1 r2_0_3_to_1
73 98 1 r2_0_3_to_1
74 77 1 r2_0_3_to_4
75 70 1 r2_0_4_to_2
76 73 1 r2_0_4_to_3
77 99 1 r2_0_4_to_2
78 82 1 r1_0_0_to_1
79 83 1 r1_0_0_to_1
80 84 1 r1_0_0_to_1
81 85 1 r1_0_0_to_1
82 90 1 r1_0_1_to_3
83 91 1 r1_0_1_to_3
84 92 1 r1_0_1_to_3
85 93 1 r1_0_1_to_3
86 98 1 r1_0_2_to_3
87 99 1 r1_0_2_to_3
88 100 1 r1_0_2_to_3
89 101 1 r1_0_2_to_3
90 94 1 r1_0_3_to_2
91 95 1 r1_0_3_to_2
92 96 1 r1_0_3_to_2
93 97 1 r1_0_3_to_2
