358 133
0 336 1 r1_0_cost0_1
1 4 1 r2_0_cost2_3
2 8 1 r2_0_cost2_4
3 2 1 r2_0_cost3_2
4 8 1 r2_0_cost3_4
5 14 1 do_ct1_0_1
6 15 1 do_ct1_0_1
7 16 1 do_ct1_0_1
8 17 1 do_ct1_0_1
9 14 1 do_ct1_0_2
10 13 1 r2_0_cost2_3
11 17 1 do_ct1_0_2
12 11 1 r2_0_cost3_2
13 17 1 do_ct1_0_2
14 345 1 r1_0_cost2_1
15 346 1 r1_0_cost2_1
16 347 1 r1_0_cost2_1
17 348 1 r1_0_cost2_1
235 247 1 do_ct1_2_1
236 249 1 do_ct1_2_1
237 251 1 do_ct1_2_1
238 253 1 do_ct1_2_1
239 299 1 do_ct1_2_1
240 301 1 do_ct1_2_1
241 303 1 do_ct1_2_1
242 305 1 do_ct1_2_1
243 320 1 r1_0_cost2_3
244 321 1 r1_0_cost2_3
245 322 1 r1_0_cost2_3
246 247 1 r2_0_cost0_1
247 265 1 r2_0_cost1_3
248 266 1 r2_0_cost1_3
249 260 1 r2_0_cost1_2
250 325 1 r2_0_cost1_2
251 267 1 r2_0_cost1_3
252 326 1 r2_0_cost1_3
253 327 1 r2_0_cost1_4
254 263 1 r2_0_cost2_3
255 264 1 r2_0_cost2_3
256 253 1 do_ct1_2_2
257 324 1 do_ct1_2_2
258 267 1 r2_0_cost2_3
259 326 1 r2_0_cost2_3
260 327 1 r2_0_cost2_4
261 256 1 r2_0_cost3_2
262 257 1 r2_0_cost3_2
263 253 1 do_ct1_2_2
264 324 1 do_ct1_2_2
265 260 1 r2_0_cost3_2
266 325 1 r2_0_cost3_2
267 327 1 r2_0_cost3_4
268 292 1 do_ct1_0_1
269 293 1 do_ct1_0_1
270 294 1 do_ct1_0_1
271 324 1 do_ct1_2_2
272 296 1 do_ct1_0_1
273 297 1 do_ct1_0_1
274 298 1 do_ct1_0_1
275 289 1 r2_0_cost1_3
276 290 1 r2_0_cost1_3
277 286 1 r2_0_cost1_2
278 329 1 r2_0_cost1_2
279 291 1 r2_0_cost1_3
280 330 1 r2_0_cost1_3
281 331 1 do_ct1_0_2
282 288 1 r2_0_cost2_3
283 328 1 r2_0_cost2_1
284 291 1 r2_0_cost2_3
285 330 1 r2_0_cost2_3
286 331 1 do_ct1_0_2
287 283 1 r2_0_cost3_2
288 328 1 r2_0_cost3_1
289 286 1 r2_0_cost3_2
290 329 1 r2_0_cost3_2
291 331 1 do_ct1_0_2
292 287 1 r2_0_cost4_3
293 283 1 r2_0_cost4_2
294 288 1 r2_0_cost4_3
295 328 1 r2_0_cost4_1
296 290 1 r2_0_cost4_3
297 329 1 r2_0_cost4_2
298 330 1 r2_0_cost4_3
299 313 1 r2_0_cost1_3
300 314 1 r2_0_cost1_3
301 310 1 r2_0_cost1_2
302 333 1 r2_0_cost1_2
303 315 1 r2_0_cost1_3
304 334 1 r2_0_cost1_3
305 335 1 r2_0_cost1_4
306 312 1 r2_0_cost2_3
307 332 1 do_ct1_2_2
308 315 1 r2_0_cost2_3
309 334 1 r2_0_cost2_3
310 335 1 r2_0_cost2_4
311 307 1 r2_0_cost3_2
312 332 1 do_ct1_2_2
313 310 1 r2_0_cost3_2
314 333 1 r2_0_cost3_2
315 335 1 r2_0_cost3_4
316 311 1 r2_0_cost4_3
317 307 1 r2_0_cost4_2
318 312 1 r2_0_cost4_3
319 332 1 do_ct1_2_2
320 314 1 r2_0_cost4_3
321 333 1 r2_0_cost4_2
322 334 1 r2_0_cost4_3
323 335 1 r1_0_cost2_3
324 328 1 r1_0_cost3_2
325 329 1 r1_0_cost3_2
326 330 1 r1_0_cost3_2
327 331 1 do_ct1_0_1
336 235 1 r2_0_cost0_1
337 340 1 r2_0_cost2_3
338 256 1 r1_0_cost1_3
339 338 1 r2_0_cost3_2
340 263 1 r1_0_cost1_3
341 268 1 r1_0_cost1_3
342 269 1 r1_0_cost1_3
343 270 1 r1_0_cost1_3
344 357 1 do_ct1_0_1
345 316 1 r1_0_cost1_3
346 317 1 r1_0_cost1_3
347 318 1 r1_0_cost1_3
348 319 1 r1_0_cost1_3
349 239 1 r2_0_cost0_1
350 353 1 r2_0_cost2_3
351 357 1 do_ct1_0_2
352 351 1 r2_0_cost3_2
353 357 1 do_ct1_0_2
354 316 1 r1_0_cost2_3
355 317 1 r1_0_cost2_3
356 318 1 r1_0_cost2_3
357 319 1 r1_0_cost2_3
