53 47
0 33 1 r1_0_0_to_6
1 40 1 r1_0_1_to_7
2 42 1 r1_0_1_to_7
3 44 1 r1_0_1_to_7
4 46 1 r1_0_1_to_7
5 28 1 r1_0_2_to_5
6 35 1 r1_0_2_to_6
7 29 1 r1_0_2_to_5
8 4 1 r1_0_2_to_1
9 32 1 r1_0_2_to_5
10 39 1 r1_0_2_to_6
11 50 1 r1_0_2_to_5
12 34 1 r1_0_3_to_6
13 27 1 r1_0_3_to_5
14 36 1 r1_0_3_to_6
15 4 1 r1_0_3_to_1
16 38 1 r1_0_3_to_6
17 31 1 r1_0_3_to_5
18 51 1 r1_0_3_to_6
19 41 1 r1_0_4_to_7
20 30 1 r1_0_4_to_5
21 43 1 r1_0_4_to_7
22 31 1 r1_0_4_to_5
23 45 1 r1_0_4_to_7
24 39 1 r1_0_4_to_6
25 52 1 r1_0_4_to_7
26 6 1 r1_0_5_to_2
27 8 1 r1_0_5_to_2
28 35 1 r1_0_5_to_6
29 4 1 r1_0_5_to_1
30 10 1 r1_0_5_to_2
31 47 1 r1_0_5_to_2
32 39 1 r1_0_5_to_6
33 13 1 r1_0_6_to_3
34 27 1 r1_0_6_to_5
35 15 1 r1_0_6_to_3
36 4 1 r1_0_6_to_1
37 17 1 r1_0_6_to_3
38 31 1 r1_0_6_to_5
39 48 1 r1_0_6_to_3
40 20 1 r1_0_7_to_4
41 30 1 r1_0_7_to_5
42 22 1 r1_0_7_to_4
43 31 1 r1_0_7_to_5
44 24 1 r1_0_7_to_4
45 39 1 r1_0_7_to_6
46 49 1 r1_0_7_to_4
